0:
  index: 13
  coords1: [0, 0.300000012]
  coords2: [0.156000003, 0.200000003]
  xmultiplier: 1.56799996
  ymultiplier: 1
  time: 1