0:
  index: 4
  coords1: [0, 1]
  coords2: [0.330000013, 0]
  time: 0.330000013
1:
  index: 4
  coords1: [0.330000013, 1]
  coords2: [0.660000026, 0]
  time: 0.660000026
2:
  index: 4
  coords1: [0.660000026, 1]
  coords2: [1, 0]
  time: 1